t/tb	DP	DP/D0
0	62	0.9627329193
0.1107843137	62	0.9627329193
0.1607843137	59.5	0.9239130435
0.2639215686	58	0.900621118
0.3647058824	54.3	0.8431677019
0.4150392157	51.5	0.799689441
0.4647058824	49.4	0.7670807453
0.5156862745	47	0.7298136646
0.5647058824	43.7	0.6785714286
0.6137254902	41	0.6366459627
0.6647058824	37.5	0.5822981366
0.7176470588	34	0.5279503106
0.7664705882	30.3	0.4704968944
0.7862745098	27.5	0.4270186335
0.8176470588	23.3	0.3618012422
0.8411764706	20.1	0.3121118012
0.868627451	17.5	0.2717391304
0.8921568627	14.4	0.2236024845
0.9235294118	11.7	0.1816770186
0.9352941176	10.4	0.1614906832
0.9470588235	8.3	0.1288819876
0.9803921569	1	0.0155279503

