#t/tb	DP	DP/D0
0	63	0.9782608696
0.1093921569	59.5	0.9239130435
0.162627451	58	0.900621118
0.2624705882	54.7	0.849378882
0.3651960784	51.3	0.7965838509
0.4137843137	48	0.7453416149
0.4647058824	45	0.698757764
0.5160784314	42.8	0.6645962733
0.5647058824	39	0.6055900621
0.6139215686	36.5	0.5667701863
0.6647058824	33	0.5124223602
0.7182352941	30.5	0.4736024845
0.7647058824	26.4	0.4099378882
0.7858823529	24.4	0.3788819876
0.8176470588	21	0.3260869565
0.8411764706	19.2	0.298136646
0.868627451	15.8	0.2453416149
0.8823529412	13.3	0.2065217391
0.9240588235	10.3	0.1599378882
0.9352941176	9.5	0.147515528
0.9470588235	7.9	0.1226708075
0.9803921569	1	0.0155279503

