t/tb	t(us)	D	D/D0				Newt
0		-	-	-		-	-	-		1
0.1032258065	0	57.8	0.897515528	0		57.8448	0.9010093458
0.1548387097	16	56.5	0.8773291925	16		57.0544232805	0.8886981819
0.2064516129	32	55	0.8540372671	32	15	56.1269076079	0.8742508973
0.3096774194	64	52.3	0.8121118012	64	47	53.7611502986	0.837401095
0.4129032258	96	49.9	0.7748447205	96	79	50.5032002243	0.7866542091
0.464516129	112	48.3	0.75	112	95	48.4389761332	0.7545011859
0.5161290323	128	46.9	0.7282608696	128	111	46.0165867221	0.7167692636
0.5677419355	144	44.2	0.6863354037	144	127	43.1738864144	0.6724904426
0.6193548387	160	42.5	0.6599378882	160	143	39.8379467004	0.6205287648
0.6709677419	176	38.9	0.6040372671	176	159	35.923185181	0.559551171
0.7225806452	192	34	0.5279503106	192	175	31.3291699807	0.4879933019
0.7483870968	200	32.8	0.5093167702	200	183	28.7413716582	0.4476849168
0.7741935484	208	30	0.4658385093	208	191	25.9380432016	0.4040193645
0.8	216	27.3	0.4239130435	216	199	22.9012337382	0.3567170364
0.8258064516	224	24.6	0.3819875776	224	207	19.6114973194	0.3054750361
0.8419354839	229	21.9	0.3400621118	229	212	17.4176838747	0.2713034871
0.8580645161	234	20.3	0.3152173913	234	217	15.1113912094	0.2353799254
0.864516129	236	19.3	0.299689441	236	219	14.1560979439	0.220499968
0.8709677419	238	18.6	0.2888198758	238	221	13.1815064742	0.2053194155
0.8774193548	240	18.4	0.2857142857	240	223	12.1872269509	0.1898321955
0.8838709677	242	17.9	0.2779503106	242	225	11.1728616489	0.1740321129
0.8903225806	244	16.7	0.2593167702	244	227	10.1380048084	0.1579128475
0.8967741935	246	15	0.2329192547	246	229	9.0822424731	0.1414679513
0.9032258065	248	13.6	0.2111801242	248	231	8.0051523238	0.1246908462
0.9096774194	250	13	0.201863354	250	233	6.9063035102	0.107574821
0.9161290323	252	12.5	0.1940993789	252	235	5.7852564781	0.0901130293
0.9225806452	254	11.5	0.1785714286	254	237	4.6415627937	0.0722984859
0.9290322581	256	10.5	0.1630434783	256	239	3.4747649642	0.0541240649
0.935483871	258	9.6	0.149068323	258	241	2.2843962551	0.0355824962
0.9419354839	260	8.5	0.1319875776	260	243	1.069980503	0.016666363
0.9483870968	262	7.6	0.1180124224	262	245	-0.1689680747	-0.0026319015
0.9548387097	264	6.9	0.1071428571	264	247	-1.4329450739	-0.0223200167


