9996.1;4.853;0.25
19992.1;5.026;0.25
29997.2;5.066;0.25
49971.3;5.094;0.25
79968.5;5.110;0.25
99960.7;5.071;0.25
149932.0;5.017;0.25
199921.3;5.063;0.25
249946.8;5.050;0.25
299791.7;4.936;0.25
349817.2;4.896;0.25
399842.6;4.837;0.25
449868.1;4.807;0.25
499713.0;4.860;0.25
549738.5;4.789;0.25
599764.0;4.665;0.25
649789.4;4.744;0.25
699634.3;4.801;0.25
649789.4;4.871;0.25
699634.3;4.914;0.25
749659.8;4.795;0.25
250.4;5.082;0.25
747.3;4.976;0.25
1075.9;4.758;0.25
1750.8;4.892;0.25
2850.2;4.949;0.25
4638.3;4.977;0.25
7547.2;5.022;0.25
12279.3;5.020;0.25
19992.8;5.016;0.25
9996.1;4.853;0.25
19992.1;5.026;0.25
